﻿"transactTime","transactType","amount","fee","address","transactStatus","walletBalance"
"2020-04-03T12:00:00.000Z","RealisedPNL","-9062840","0","XBTUSD","Completed","150236870"
"2020-04-02T12:00:00.000Z","RealisedPNL","-29122626","0","XBTUSD","Completed","159299710"
"2020-04-01T12:00:00.000Z","RealisedPNL","19528333","0","XBTUSD","Completed","188422336"
"2020-03-31T12:00:00.000Z","RealisedPNL","10167","0","XBTUSD","Completed","168894003"
"2020-03-30T12:00:00.000Z","RealisedPNL","-11250197","0","XBTUSD","Completed","168883836"
"2020-03-29T12:00:00.000Z","RealisedPNL","1667383","0","XBTUSD","Completed","180134033"
"2020-03-28T12:00:00.000Z","RealisedPNL","45345297","0","XBTUSD","Completed","178466650"
"2020-03-27T12:00:00.000Z","RealisedPNL","9020044","0","XBTUSD","Completed","133121353"
"2020-03-27T12:00:00.000Z","RealisedPNL","511084","0","ETHUSD","Completed","124101309"
"2020-03-26T12:00:00.000Z","RealisedPNL","13324584","0","XBTUSD","Completed","123590225"
"2020-03-26T12:00:00.000Z","RealisedPNL","56028","0","ETHUSD","Completed","110265641"
"2020-03-25T12:00:00.000Z","RealisedPNL","9339837","0","XBTUSD","Completed","110209613"
"2020-03-24T12:00:00.000Z","RealisedPNL","46685265","0","XBTUSD","Completed","100869776"
"2020-03-24T11:10:09.652Z","Withdrawal","-17100000","100000","3BEUmVVcx5YUi9JrR5RPPowjmdHg7ZnsC8","Completed","54184511"
"2020-03-23T12:00:00.000Z","RealisedPNL","6652129","0","XBTUSD","Completed","71284511"
"2020-03-23T12:00:00.000Z","RealisedPNL","-13361180","0","ETHUSD","Completed","64632382"
"2020-03-22T12:00:00.000Z","RealisedPNL","-11567537","0","XBTUSD","Completed","77993562"
"2020-03-21T12:00:00.000Z","RealisedPNL","-27132540","0","XBTUSD","Completed","89561099"
"2020-03-20T12:00:00.000Z","RealisedPNL","27747297","0","XBTUSD","Completed","116693639"
"2020-03-20T10:14:46.181Z","Withdrawal","-25500000","100000","3BEUmVVcx5YUi9JrR5RPPowjmdHg7ZnsC8","Completed","88946342"
"2020-03-19T12:00:00.000Z","RealisedPNL","2721886","0","XBTUSD","Completed","114446342"
"2020-03-19T07:52:14.418Z","Withdrawal","-18100000","100000","3BEUmVVcx5YUi9JrR5RPPowjmdHg7ZnsC8","Completed","111724456"
"2020-03-18T12:00:00.000Z","RealisedPNL","20506745","0","XBTUSD","Completed","129824456"
"2020-03-17T12:00:00.000Z","RealisedPNL","18611163","0","XBTUSD","Completed","109317711"
"2020-03-16T12:00:00.000Z","RealisedPNL","52232462","0","XBTUSD","Completed","90706548"
"2020-03-15T12:00:00.000Z","RealisedPNL","3046258","0","XBTUSD","Completed","38474086"
"2020-03-14T12:00:00.000Z","RealisedPNL","5958679","0","XBTUSD","Completed","35427828"
"2020-03-13T12:00:00.000Z","RealisedPNL","-61775563","0","XBTUSD","Completed","29469149"
"2020-03-13T12:00:00.000Z","RealisedPNL","2368033","0","XBTM20","Completed","91244712"
"2020-03-12T12:00:00.000Z","RealisedPNL","8830290","0","XBTUSD","Completed","88876679"
"2020-03-11T12:00:00.000Z","RealisedPNL","-6411388","0","XBTUSD","Completed","80046389"
"2020-03-11T09:33:46.046Z","Withdrawal","-16900000","100000","3BEUmVVcx5YUi9JrR5RPPowjmdHg7ZnsC8","Completed","86457777"
"2020-03-10T12:00:00.000Z","RealisedPNL","4127443","0","XBTUSD","Completed","103357777"
"2020-03-09T12:00:00.000Z","RealisedPNL","54631162","0","XBTUSD","Completed","99230334"
"2020-03-08T12:00:00.000Z","RealisedPNL","127775","0","XBTUSD","Completed","44599172"
"2020-03-07T12:00:00.000Z","RealisedPNL","124990","0","XBTUSD","Completed","44471397"
"2020-03-06T12:00:00.000Z","RealisedPNL","125149","0","XBTUSD","Completed","44346407"
"2020-03-06T12:00:00.000Z","RealisedPNL","-2088230","0","ETHUSD","Completed","44221258"
"2020-03-05T12:00:00.000Z","RealisedPNL","129797","0","XBTUSD","Completed","46309488"
"2020-03-05T12:00:00.000Z","RealisedPNL","-38486","0","ETHUSD","Completed","46179691"
"2020-03-04T12:00:00.000Z","RealisedPNL","-5855035","0","XBTUSD","Completed","46218177"
"2020-03-03T12:00:00.000Z","RealisedPNL","-30233134","0","XBTUSD","Completed","52073212"
"2020-03-02T12:00:00.000Z","RealisedPNL","16409518","0","XBTUSD","Completed","82306346"
"2020-03-01T12:25:55.165Z","Withdrawal","-61700000","100000","3BEUmVVcx5YUi9JrR5RPPowjmdHg7ZnsC8","Canceled","65896828"
"2020-03-01T12:00:00.000Z","RealisedPNL","-436948","0","XBTUSD","Completed","65896828"
"2020-02-29T12:00:00.000Z","RealisedPNL","1069702","0","XBTUSD","Completed","66333776"
"2020-02-28T12:00:00.000Z","RealisedPNL","9568605","0","XBTUSD","Completed","65264074"
"2020-02-28T11:32:53.837Z","Withdrawal","-5100000","100000","3BEUmVVcx5YUi9JrR5RPPowjmdHg7ZnsC8","Completed","55695469"
"2020-02-27T12:00:00.000Z","RealisedPNL","-3385838","0","XBTUSD","Completed","60795469"
"2020-02-27T12:00:00.000Z","RealisedPNL","2407904","0","ETHUSD","Completed","64181307"
"2020-02-26T12:00:00.000Z","RealisedPNL","18638657","0","XBTUSD","Completed","61773403"
"2020-02-26T12:00:00.000Z","RealisedPNL","-8307284","0","ETHUSD","Completed","43134746"
"2020-02-25T12:00:00.000Z","RealisedPNL","2596255","0","XBTUSD","Completed","51442030"
"2020-02-25T12:00:00.000Z","RealisedPNL","3600222","0","ETHUSD","Completed","48845775"
"2020-02-24T12:00:00.000Z","RealisedPNL","4867382","0","XBTUSD","Completed","45245553"
"2020-02-24T12:00:00.000Z","RealisedPNL","-6548184","0","ETHUSD","Completed","40378171"
"2020-02-23T12:00:00.000Z","RealisedPNL","-14122797","0","XBTUSD","Completed","46926355"
"2020-02-22T12:00:00.000Z","RealisedPNL","162072","0","XBTUSD","Completed","61049152"
"2020-02-22T07:28:22.235Z","Deposit","33737761","","","Completed","60887080"
"2020-02-21T12:00:00.000Z","RealisedPNL","2727067","0","XBTUSD","Completed","27149319"
"2020-02-20T12:00:00.000Z","RealisedPNL","-5357048","0","XBTUSD","Completed","24422252"
"2020-02-19T12:00:00.000Z","RealisedPNL","4243167","0","XBTUSD","Completed","29779300"
"2020-02-18T12:00:00.000Z","RealisedPNL","-6156961","0","XBTUSD","Completed","25536133"
"2020-02-18T12:00:00.000Z","RealisedPNL","4561874","0","ETHUSD","Completed","31693094"
"2020-02-17T12:00:00.000Z","RealisedPNL","-750149","0","XBTUSD","Completed","27131220"
"2020-02-17T04:44:49.776Z","Deposit","27852667","","","Completed","27881369"
"2020-02-12T12:00:00.000Z","RealisedPNL","-1577505","0","XBTUSD","Completed","28702"
"2020-02-12T12:00:00.000Z","RealisedPNL","-1491169","0","ETHUSD","Completed","1606207"
"2020-02-12T12:00:00.000Z","RealisedPNL","152126","0","BCHH20","Completed","3097376"
"2020-02-11T12:00:00.000Z","RealisedPNL","4131274","0","XBTUSD","Completed","2945250"
"2020-02-11T12:00:00.000Z","RealisedPNL","-6452765","0","ETHUSD","Completed","-1186024"
"2020-02-10T12:00:00.000Z","RealisedPNL","1419464","0","XBTUSD","Completed","5266741"
"2020-02-09T12:00:00.000Z","RealisedPNL","-11356693","0","XBTUSD","Completed","3847277"
"2020-02-08T12:00:00.000Z","RealisedPNL","499542","0","XBTUSD","Completed","15203970"
"2020-02-07T12:00:00.000Z","RealisedPNL","670047","0","XBTUSD","Completed","14704428"
"2020-02-06T12:00:00.000Z","RealisedPNL","-12075026","0","XBTUSD","Completed","14034381"
"2020-02-05T12:00:00.000Z","RealisedPNL","80587","0","XBTUSD","Completed","26109407"
"2020-02-04T12:00:00.000Z","RealisedPNL","3320305","0","XBTUSD","Completed","26028820"
"2020-02-03T12:00:00.000Z","RealisedPNL","-151686","0","XBTUSD","Completed","22708515"
"2020-02-03T08:55:54.638Z","Deposit","22808608","","","Completed","22860201"
"2019-12-18T12:00:00.000Z","RealisedPNL","-1339770","0","ETHUSD","Completed","51593"
"2019-12-17T12:00:00.000Z","RealisedPNL","-8180163","0","XBTUSD","Completed","1391363"
"2019-12-17T12:00:00.000Z","RealisedPNL","-27461","0","ETHUSD","Completed","9571526"
"2019-12-16T12:00:00.000Z","RealisedPNL","-27814","0","XBTUSD","Completed","9598987"
"2019-12-15T12:00:00.000Z","RealisedPNL","102518","0","XBTUSD","Completed","9626801"
"2019-12-14T12:00:00.000Z","RealisedPNL","-364092","0","XBTUSD","Completed","9524283"
"2019-12-13T12:00:00.000Z","RealisedPNL","-28999","0","XBTUSD","Completed","9888375"
"2019-12-12T12:00:00.000Z","RealisedPNL","-5798","0","XBTUSD","Completed","9917374"
"2019-12-11T12:00:00.000Z","RealisedPNL","1928190","0","XBTUSD","Completed","9923172"
"2019-12-10T12:00:00.000Z","RealisedPNL","-3228963","0","XBTUSD","Completed","7994982"
"2019-12-09T12:00:00.000Z","RealisedPNL","-24931","0","XBTUSD","Completed","11223945"
"2019-12-08T12:00:00.000Z","RealisedPNL","-74524","0","XBTUSD","Completed","11248876"
"2019-12-08T10:59:31.318Z","Deposit","11320902","","","Completed","11323400"
"2019-12-05T12:00:00.000Z","RealisedPNL","-11516039","0","XBTUSD","Completed","2498"
"2019-12-04T12:00:00.000Z","RealisedPNL","958839","0","XBTUSD","Completed","11518537"
"2019-12-03T12:00:00.000Z","RealisedPNL","37121","0","XBTUSD","Completed","10559698"
"2019-12-02T12:00:00.000Z","RealisedPNL","-5442429","0","XBTUSD","Completed","10522577"
"2019-12-01T12:00:00.000Z","RealisedPNL","-21598646","0","XBTUSD","Completed","15965006"
"2019-11-30T12:00:00.000Z","RealisedPNL","9191104","0","XBTUSD","Completed","37563652"
"2019-11-29T12:00:00.000Z","RealisedPNL","17169","0","XBTUSD","Completed","28372548"